id,prediction
0,43.0732
1,42.45392
2,41.49943
3,182.45645
4,764.3974
5,1779.7156
6,3002.9949
7,4054.9304
8,4735.864
9,5098.6426
10,4956.2017
11,4438.25
12,3541.66
13,3112.7344
14,3416.8235
15,2502.6052
16,1842.3398
17,1110.2275
18,424.61597
19,49.22408
20,39.058792
21,42.63252
22,43.164635
23,43.305737
24,42.728634
25,42.1131
26,41.16493
27,321.3028
28,1168.1372
29,2120.6567
30,2580.5278
31,3534.3567
32,4618.301
33,5097.156
34,5276.4253
35,5019.199
36,4913.3174
37,4842.591
38,4848.18
39,4052.676
40,2917.0593
41,1699.5786
42,665.6943
43,94.17707
44,31.033625
45,42.30252
46,42.825626
47,42.961582
48,42.236824
49,41.62901
50,96.688774
51,545.8461
52,1471.5137
53,2683.2097
54,3973.5276
55,5194.8213
56,5733.42
57,5733.42
58,5733.42
59,5733.42
60,5279.8237
61,5341.7085
62,4744.524
63,3125.2327
64,1886.5623
65,1453.9167
66,837.581
67,230.73758
68,24.889801
69,41.797188
70,42.336334
71,42.4679
72,42.0209
73,41.41765
74,103.01305
75,370.511
76,985.9569
77,2396.5796
78,3915.6152
79,5080.416
80,5733.42
81,5733.42
82,5059.1543
83,5500.8354
84,4391.0107
85,4110.3076
86,4989.016
87,4099.934
88,3205.3384
89,1445.206
90,367.88538
91,216.16832
92,36.12991
93,41.37302
94,42.11895
95,42.24987
96,41.920925
97,41.32013
98,155.03569
99,589.0307
100,1331.2842
101,2578.3945
102,4009.6577
103,5132.3213
104,5733.42
105,5733.42
106,5733.42
107,5733.42
108,5733.42
109,5733.42
110,5650.1533
111,4504.6016
112,3293.6736
113,2004.0483
114,876.9291
115,297.59924
116,52.590622
117,40.105736
118,42.017567
119,42.148605
120,41.873013
121,41.273445
122,180.04065
123,724.69244
124,1712.3074
125,2927.7913
126,4191.2954
127,5287.085
128,5578.8047
129,5134.782
130,4858.6
131,4741.4023
132,4673.657
133,4767.8022
134,4970.552
135,4167.405
136,2524.0095
137,1624.5151
138,995.8159
139,328.12912
140,53.40954
141,39.60895
142,41.968834
143,42.09999
144,41.826447
145,41.228226
146,190.3584
147,757.3878
148,1752.8589
149,2958.739
150,4214.8555
151,5391.4604
152,5733.42
153,5733.42
154,5733.42
155,5690.746
156,5438.4136
157,4964.96
158,5102.3374
159,3890.761
160,2498.4485
161,1749.0698
162,895.3337
163,285.00668
164,57.187695
165,39.72556
166,41.921333
167,42.052666
168,41.78134
169,41.18441
170,126.75081
171,270.77094
172,448.15015
173,636.24475
174,821.7713
175,1002.4354
176,1192.4233
177,1319.25
178,1444.175
179,1811.9038
180,2214.633
181,3249.4504
182,2334.506
183,2702.639
184,2014.9197
185,1077.1453
186,503.89258
187,247.80011
188,70.25336
189,39.428204
190,41.87512
191,42.006683
192,41.69529
193,41.101105
194,206.31454
195,465.80914
196,773.2575
197,1036.6945
198,2119.968
199,3556.8884
200,4468.5146
201,4163.1255
202,4549.2764
203,4949.312
204,4720.8135
205,4071.226
206,4043.9485
207,3289.9695
208,1319.7185
209,741.49835
210,414.96375
211,151.17212
212,66.417854
213,38.81932
214,41.786728
215,41.919052
216,41.61503
217,41.023594
218,149.01733
219,297.90146
220,492.59705
221,658.90045
222,927.1032
223,1339.9324
224,2284.1638
225,2118.8113
226,1787.6733
227,1958.4697
228,1575.3704
229,1368.1487
230,1161.1116
231,1036.1053
232,659.00745
233,439.599
234,325.67584
235,193.7222
236,77.36314
237,37.50563
238,41.703655
239,41.83686
240,41.57706
241,40.98709
242,160.87022
243,314.58295
244,550.2517
245,1134.9434
246,2126.0715
247,3762.7634
248,3797.9485
249,1886.7952
250,1706.0
251,2701.0022
252,2436.1094
253,2041.1599
254,1881.8066
255,2509.6177
256,2548.841
257,1671.0461
258,1007.90314
259,367.66248
260,102.56111
261,34.72171
262,41.66417
263,41.79796
264,41.50569
265,40.918644
266,229.74585
267,485.9886
268,820.3724
269,1425.4751
270,2058.4614
271,2572.0002
272,2979.7942
273,3025.8176
274,2414.8518
275,2922.3027
276,3068.3489
277,2365.9055
278,2268.0745
279,2130.818
280,1286.8433
281,702.4221
282,384.97235
283,154.72083
284,87.85514
285,35.821976
286,41.589405
287,41.724422
288,41.44029
289,55.533905
290,280.51282
291,470.57462
292,833.63104
293,1441.8652
294,2684.3938
295,2572.1433
296,2068.91
297,3064.5508
298,3993.1748
299,3440.8386
300,2181.3225
301,2120.1501
302,1848.0303
303,1646.1482
304,1156.2451
305,942.3143
306,667.7136
307,308.42145
308,133.65277
309,31.643772
310,41.520493
311,41.656975
312,41.409927
313,56.739132
314,218.69429
315,508.30014
316,1199.5908
317,1870.7744
318,2493.8008
319,2473.3745
320,3604.7358
321,3793.6284
322,3533.3445
323,3085.6428
324,2295.1775
325,1736.958
326,1271.9316
327,866.6731
328,700.3367
329,471.0019
330,285.61005
331,174.51396
332,97.75975
333,33.00912
334,41.488144
335,41.62538
336,41.38097
337,56.477764
338,166.23901
339,290.69946
340,588.43134
341,1050.8883
342,1244.888
343,1327.6006
344,1558.1006
345,1866.425
346,1978.8411
347,2063.4329
348,1870.367
349,1710.5515
350,1500.5149
351,1366.906
352,1069.8333
353,723.65576
354,406.0127
355,244.12717
356,115.75208
357,31.626099
358,41.457253
359,41.595314
360,41.35365
361,60.32601
362,193.69577
363,415.27686
364,726.56396
365,988.6743
366,1236.4551
367,1627.2158
368,2161.966
369,2567.6697
370,2361.3374
371,2325.9958
372,2423.0984
373,1903.2393
374,1426.9927
375,1272.0393
376,1019.4433
377,1210.7568
378,680.7556
379,233.0608
380,106.01831
381,31.29632
382,41.427826
383,41.566826
384,41.303516
385,61.233723
386,186.7158
387,332.43387
388,570.0162
389,851.41644
390,1026.5729
391,1252.386
392,1360.2773
393,1559.5227
394,1787.083
395,1788.657
396,2081.0615
397,2416.8787
398,1646.9822
399,1220.4978
400,1213.0886
401,1210.9915
402,1057.5635
403,505.8949
404,161.46257
405,38.00087
406,41.363712
407,41.51435
408,41.240158
409,85.13669
410,359.86816
411,954.5182
412,2057.0505
413,3392.2122
414,4680.2524
415,5733.42
416,5733.42
417,5733.42
418,5733.42
419,5733.42
420,5733.42
421,5733.42
422,5733.42
423,4724.0586
424,3683.536
425,2585.1711
426,1515.3762
427,680.77106
428,216.75362
429,30.40735
430,41.219933
431,41.447308
432,41.205822
433,87.52777
434,334.2518
435,776.7518
436,1625.7534
437,3099.0898
438,3790.2573
439,4838.4546
440,5115.4233
441,5733.42
442,5733.42
443,4646.8623
444,2703.316
445,1693.5693
446,1498.5806
447,1587.6929
448,1953.3262
449,1013.7595
450,519.2646
451,301.71796
452,152.69391
453,42.597786
454,41.139202
455,41.410336
456,41.177742
457,80.43723
458,237.88258
459,472.87524
460,898.64545
461,1426.3315
462,3925.0872
463,5015.182
464,5092.1826
465,4842.594
466,5733.42
467,5733.42
468,5733.42
469,5733.42
470,5733.42
471,5035.3164
472,3867.848
473,2682.3286
474,1581.9004
475,714.4323
476,232.8322
477,31.367504
478,41.070633
479,41.37974
480,41.166157
481,94.178085
482,418.0978
483,1074.9402
484,2089.213
485,3300.7854
486,4537.7305
487,5697.709
488,5733.42
489,5733.42
490,5733.42
491,5733.42
492,5733.42
493,5733.42
494,5733.42
495,4959.8755
496,3884.286
497,2723.5095
498,1619.5542
499,747.83093
500,242.87784
501,31.1414
502,41.041023
503,41.366814
504,41.135563
505,95.65474
506,390.68433
507,986.19836
508,2007.0198
509,3177.113
510,4427.29
511,5640.9565
512,5733.42
513,5733.42
514,5733.42
515,5733.42
516,4751.483
517,5733.42
518,4192.9575
519,3116.6404
520,2931.4314
521,2006.584
522,992.5751
523,434.99493
524,188.86313
525,58.80026
526,40.801277
527,41.33107
528,41.131996
529,81.97816
530,211.30191
531,414.3918
532,649.3147
533,1125.2063
534,1329.2573
535,2197.495
536,1711.533
537,1632.7998
538,2043.531
539,4300.178
540,4916.8843
541,5733.42
542,5733.42
543,4893.7837
544,3766.9758
545,2686.844
546,1627.1982
547,751.56116
548,248.90689
549,45.771576
550,40.744938
551,41.326157
552,41.13059
553,79.4491
554,208.38724
555,444.12354
556,546.8883
557,731.8112
558,958.24347
559,1276.6133
560,2273.3152
561,2207.5881
562,1715.2329
563,1718.2068
564,1681.2893
565,1826.2075
566,3243.0193
567,4509.8647
568,3249.2612
569,1859.926
570,1248.3345
571,529.3362
572,184.51703
573,50.95531
574,40.647533
575,41.321068
576,41.15101
577,94.64393
578,417.0838
579,1099.324
580,2114.2585
581,3295.445
582,4517.118
583,5679.6353
584,5733.42
585,5733.42
586,5733.42
587,5733.42
588,5733.42
589,5418.222
590,5252.841
591,3530.5364
592,3187.0305
593,2553.3625
594,1611.7446
595,767.6442
596,257.32874
597,43.02887
598,40.68534
599,41.336567
600,41.170605
601,87.966774
602,351.07764
603,972.40045
604,1864.1138
605,3081.7385
606,4404.325
607,5227.135
608,5733.42
609,5733.42
610,5733.42
611,5733.42
612,5733.42
613,5733.42
614,5410.3135
615,3731.064
616,2818.2986
617,1918.0173
618,1043.2627
619,512.2119
620,187.92676
621,57.60329
622,40.77645
623,41.353943
624,41.18277
625,83.61131
626,303.29407
627,784.6487
628,1219.3699
629,1691.6917
630,1822.1572
631,2093.7224
632,1901.0259
633,2303.8748
634,3467.2053
635,2163.423
636,1868.5588
637,2410.6384
638,1774.5029
639,1560.4429
640,1029.5394
641,674.6515
642,393.01434
643,231.41692
644,129.44836
645,55.994507
646,40.839993
647,41.36506
648,41.196518
649,77.97749
650,196.84515
651,363.37323
652,555.72766
653,755.0359
654,985.85846
655,1272.9128
656,1360.1013
657,1291.0647
658,1621.6978
659,1885.4221
660,1716.4617
661,1566.7495
662,1390.1501
663,1121.7556
664,946.6231
665,649.6581
666,458.87134
667,221.91669
668,118.683495
669,54.451477
670,40.91555
671,41.377636
672,41.228577
673,83.04599
674,355.465
675,908.15906
676,1706.2637
677,2873.3093
678,4236.2427
679,5481.5137
680,5733.42
681,5733.42
682,5733.42
683,5733.42
684,5733.42
685,5733.42
686,4761.506
687,3467.8718
688,2442.9734
689,1749.773
690,975.4377
691,441.9499
692,216.38858
693,39.102715
694,41.04515
695,41.407646
696,41.246887
697,65.01227
698,258.52298
699,523.65076
700,1012.6375
701,1384.9089
702,1575.0337
703,2119.9353
704,3047.7595
705,4988.542
706,5312.6577
707,5399.507
708,5733.42
709,4608.2266
710,2077.5483
711,1379.062
712,1038.8647
713,902.9955
714,640.7457
715,407.75293
716,178.26105
717,41.323776
718,41.075417
719,41.42502
720,14.241632
721,15.5899105
722,17.668182
723,7.9475737
724,63.38538
725,206.74881
726,383.53848
727,542.07947
728,650.23627
729,712.912
730,704.96075
731,640.34644
732,522.88824
733,465.08194
734,480.1399
735,345.9097
736,237.59033
737,125.75067
738,22.545319
739,5.4951916
740,16.847818
741,15.200904
742,14.042417
743,13.735185
744,14.991752
745,16.332005
746,18.39652
747,12.334968
748,116.772194
749,255.20682
750,334.18726
751,472.83838
752,629.125
753,706.09503
754,736.89233
755,706.6924
756,689.27856
757,673.5043
758,666.7111
759,553.2185
760,388.29285
761,209.98288
762,58.446663
763,0.0
764,16.799318
765,15.919434
766,14.780561
767,14.484412
768,16.062477
769,17.3863
770,18.954826
771,32.337147
772,161.27118
773,336.1317
774,525.70917
775,706.87537
776,861.3047
777,976.94543
778,1029.9645
779,910.2718
780,767.64417
781,758.7882
782,672.717
783,451.7921
784,266.93118
785,181.66446
786,82.85872
787,0.0
788,14.579567
789,16.958982
790,15.84581
791,15.559468
792,16.532623
793,17.846254
794,1.0658627
795,15.04219
796,105.13936
797,300.44177
798,517.70337
799,693.933
800,835.11536
801,856.1864
802,732.7018
803,782.6193
804,642.8578
805,595.7233
806,692.23145
807,566.4928
808,432.30606
809,189.26205
810,33.301052
811,0.0
812,16.17771
813,17.40094
814,16.31914
815,16.034071
816,16.750309
817,18.058592
818,0.0
819,38.73473
820,145.41537
821,323.5269
822,531.5077
823,700.6954
824,849.3315
825,895.1483
826,971.50116
827,1001.94214
828,994.10175
829,891.75037
830,795.34393
831,629.3993
832,450.06204
833,260.07584
834,93.02747
835,4.22287
836,5.244993
837,17.508112
838,16.539757
839,16.25456
840,16.854757
841,18.16011
842,0.0
843,56.874386
844,195.98798
845,372.58572
846,559.1336
847,723.92456
848,780.35187
849,736.4794
850,702.94775
851,689.0911
852,678.8621
853,685.04126
854,700.53894
855,583.6596
856,351.5267
857,209.5618
858,107.0489
859,9.18557
860,5.5734234
861,17.566557
862,16.646242
863,16.360537
864,16.956022
865,18.258827
866,0.0
867,61.36252
868,201.84018
869,377.4103
870,562.90643
871,738.22955
872,885.4911
873,957.1729
874,868.9098
875,834.02136
876,793.2942
877,719.16656
878,719.74835
879,551.6387
880,350.2972
881,225.87106
882,95.25848
883,3.823677
884,5.977949
885,17.673052
886,16.749544
887,16.463585
888,17.054356
889,18.354105
890,0.0
891,10.146269
892,57.855495
893,114.14251
894,172.07803
895,227.103
896,276.76187
897,312.95593
898,337.9534
899,368.74435
900,395.6504
901,491.3134
902,372.62558
903,396.91867
904,288.41113
905,144.55444
906,49.300404
907,0.0
908,0.0
909,17.742626
910,16.850172
911,16.563576
912,17.2416
913,18.535616
914,0.0
915,30.297176
916,88.80903
917,151.4014
918,303.49472
919,497.72818
920,635.1239
921,623.331
922,673.25977
923,729.9214
924,702.03284
925,609.4862
926,586.2794
927,468.7099
928,209.22104
929,106.31641
930,40.331062
931,0.0
932,0.0
933,17.864481
934,17.042637
935,16.754766
936,17.416359
937,18.704134
938,0.0
939,15.296774
940,64.878265
941,119.62239
942,183.5777
943,256.3829
944,373.736
945,380.23755
946,367.40134
947,383.6829
948,345.5358
949,309.1357
950,262.72717
951,214.73743
952,143.87817
953,83.839
954,35.581917
955,0.0
956,0.0
957,17.906847
958,17.223513
959,16.933475
960,17.4989
961,18.783617
962,0.0
963,17.232811
964,70.1875
965,161.48294
966,301.2474
967,522.7959
968,552.7261
969,373.3229
970,363.7009
971,463.05814
972,427.0155
973,369.53885
974,330.5029
975,374.15732
976,352.56247
977,221.77612
978,113.31896
979,16.72844
980,0.0
981,17.747604
982,17.309364
983,17.018055
984,17.654554
985,18.932901
986,0.0
987,35.104225
988,96.98999
989,194.45923
990,289.5801
991,374.9863
992,449.69022
993,478.20792
994,427.46432
995,483.7524
996,493.48117
997,405.99915
998,368.5815
999,323.85654
1000,202.18588
1001,106.77233
1002,42.639503
1003,0.0
1004,0.0
1005,17.974438
1006,17.472023
1007,17.178165
1008,17.796833
1009,17.910221
1010,0.0
1011,34.101513
1012,101.08604
1013,201.25421
1014,378.13068
1015,390.31058
1016,357.7693
1017,488.8196
1018,605.80505
1019,548.0569
1020,405.16406
1021,383.0343
1022,330.15353
1023,273.5779
1024,189.71698
1025,134.22574
1026,73.63151
1027,10.841095
1028,0.0
1029,17.727415
1030,17.622328
1031,17.325285
1032,17.863195
1033,18.147457
1034,0.0
1035,37.153206
1036,139.43466
1037,246.14963
1038,347.5502
1039,373.9434
1040,525.5604
1041,561.1302
1042,546.6724
1043,503.56216
1044,418.92874
1045,345.57593
1046,276.56027
1047,207.73325
1048,152.51538
1049,91.79534
1050,37.915127
1051,0.0
1052,0.0
1053,17.887657
1054,17.692766
1055,17.393942
1056,17.925993
1057,18.265257
1058,0.0
1059,19.316639
1060,77.097626
1061,155.30573
1062,213.7056
1063,259.84323
1064,312.3901
1065,363.0493
1066,388.6299
1067,404.8309
1068,376.44235
1069,343.53915
1070,296.56625
1071,246.92252
1072,183.17294
1073,112.841965
1074,47.84529
1075,5.512211
1076,0.0
1077,17.81756
1078,17.759766
1079,17.459286
1080,17.985605
1081,8.213433
1082,0.0
1083,29.320082
1084,90.56922
1085,150.71014
1086,212.58112
1087,286.47153
1088,364.79788
1089,427.20145
1090,422.45563
1091,425.1437
1092,426.00735
1093,360.02026
1094,290.37405
1095,243.15161
1096,180.35333
1097,163.56058
1098,74.10611
1099,4.595627
1100,0.0
1101,17.832422
1102,17.824091
1103,17.521318
1104,18.094639
1105,8.528504
1106,0.0
1107,23.8382
1108,77.72752
1109,141.23846
1110,197.32373
1111,255.89792
1112,299.05814
1113,340.99167
1114,374.22836
1115,378.46207
1116,395.8348
1117,415.5197
1118,312.42087
1119,238.04306
1120,200.53055
1121,166.91306
1122,122.18197
1123,36.48627
1124,0.0
1125,16.010307
1126,17.941303
1127,17.635574
1128,18.232588
1129,8.380288
1130,7.056759
1131,89.08074
1132,244.77469
1133,438.2122
1134,628.698
1135,803.5866
1136,950.03577
1137,1058.2678
1138,1125.2225
1139,1139.057
1140,1112.01
1141,1020.7485
1142,850.4827
1143,671.30927
1144,511.83395
1145,345.88898
1146,186.05017
1147,61.062225
1148,0.0
1149,15.633232
1150,18.085766
1151,17.781803
1152,18.307484
1153,8.738182
1154,4.137453
1155,67.248886
1156,189.5856
1157,399.34634
1158,512.272
1159,666.05383
1160,719.4855
1161,910.39996
1162,884.0729
1163,704.92145
1164,470.9622
1165,345.45377
1166,298.10687
1167,273.09125
1168,278.48392
1169,143.77435
1170,61.643986
1171,13.2561035
1172,0.0
1173,16.77257
1174,18.166363
1175,17.862177
1176,18.36837
1177,8.346777
1178,0.0
1179,36.851135
1180,107.39381
1181,197.56198
1182,526.95593
1183,692.8797
1184,721.56805
1185,702.9154
1186,889.1129
1187,1079.8793
1188,1092.6613
1189,976.3258
1190,842.0499
1191,708.54333
1192,536.2879
1193,359.9578
1194,195.81723
1195,66.30713
1196,0.0
1197,15.951439
1198,18.233889
1199,17.928667
1200,18.393845
1201,9.708637
1202,15.129915
1203,106.51728
1204,252.14969
1205,429.3677
1206,612.7049
1207,785.9214
1208,935.52295
1209,1050.3826
1210,1122.7465
1211,1133.1715
1212,1103.8435
1213,1003.2968
1214,855.5006
1215,700.8903
1216,538.8052
1217,365.39847
1218,201.03354
1219,70.8985
1220,0.0
1221,15.96808
1222,18.263071
1223,17.956945
1224,18.460337
1225,9.93985
1226,11.818876
1227,95.38369
1228,241.72437
1229,413.54138
1230,598.4018
1231,779.0586
1232,929.04895
1233,1018.7845
1234,1032.7827
1235,921.3569
1236,716.4815
1237,850.0911
1238,613.97205
1239,456.4274
1240,403.8242
1241,268.6992
1242,119.10546
1243,29.040295
1244,0.0
1245,15.988932
1246,18.328997
1247,18.034771
1248,18.46836
1249,8.721473
1250,0.0
1251,32.522163
1252,85.96897
1253,166.887
1254,224.50818
1255,348.00937
1256,331.84494
1257,347.52332
1258,402.4321
1259,648.3682
1260,721.7302
1261,846.29016
1262,820.57306
1263,691.6481
1264,525.6862
1265,361.89127
1266,202.97739
1267,72.29869
1268,0.0
1269,14.941869
1270,18.33691
1271,18.045343
1272,18.47129
1273,8.513908
1274,0.0
1275,36.21161
1276,78.61816
1277,133.64789
1278,193.9231
1279,260.2332
1280,389.5737
1281,400.36673
1282,371.04623
1283,374.42603
1284,363.70898
1285,358.69144
1286,487.18124
1287,625.47656
1288,453.46048
1289,257.52267
1290,152.44855
1291,44.212986
1292,0.0
1293,15.484368
1294,18.346834
1295,18.05668
1296,18.426964
1297,9.75948
1298,15.093444
1299,109.82398
1300,255.77173
1301,429.16403
1302,610.43616
1303,784.0416
1304,933.8144
1305,1038.3491
1306,1062.5114
1307,1016.03314
1308,934.2197
1309,797.1681
1310,754.79126
1311,520.5717
1312,447.6326
1313,342.9189
1314,200.71689
1315,74.47499
1316,0.0
1317,14.778874
1318,18.327826
1319,18.02267
1320,18.384293
1321,8.906567
1322,6.8925114
1323,93.13686
1324,222.55573
1325,399.5533
1326,594.0086
1327,724.484
1328,837.631
1329,1002.4953
1330,1095.3698
1331,1112.4106
1332,1073.4034
1333,981.1885
1334,775.0702
1335,539.20966
1336,396.04578
1337,255.6442
1338,122.67039
1339,37.499126
1340,0.0
1341,15.910722
1342,18.304695
1343,17.984968
1344,18.35767
1345,8.369801
1346,0.83576965
1347,68.32573
1348,141.71243
1349,223.85748
1350,266.77664
1351,326.5225
1352,342.55936
1353,406.85263
1354,545.11255
1355,417.4528
1356,378.16873
1357,411.5219
1358,325.0156
1359,269.77087
1360,186.59033
1361,116.84312
1362,55.166836
1363,10.239574
1364,0.0
1365,15.759951
1366,18.289566
1367,17.960894
1368,18.327864
1369,7.822259
1370,0.0
1371,26.444578
1372,76.05682
1373,132.67563
1374,193.44418
1375,255.88437
1376,298.02325
1377,320.49945
1378,361.85422
1379,387.0306
1380,366.0884
1381,337.26385
1382,295.31665
1383,235.94107
1384,180.25705
1385,114.6147
1386,59.805984
1387,9.390476
1388,0.0
1389,15.596506
1390,18.272062
1391,17.93338
1392,18.25819
1393,8.101109
1394,7.0214863
1395,84.88482
1396,202.01508
1397,371.4
1398,569.97504
1399,754.8921
1400,856.0814
1401,938.9917
1402,997.7058
1403,974.6981
1404,901.1964
1405,888.4287
1406,698.5301
1407,514.70886
1408,357.3052
1409,242.2008
1410,118.33218
1411,31.018059
1412,0.0
1413,16.644735
1414,18.22413
1415,17.868036
1416,18.218193
1417,8.906919
1418,0.0
1419,39.7023
1420,116.11187
1421,189.87054
1422,246.23407
1423,333.87067
1424,461.38675
1425,715.4855
1426,774.0084
1427,793.47394
1428,861.2682
1429,695.244
1430,371.579
1431,255.8677
1432,186.78372
1433,138.2767
1434,79.01041
1435,28.365128
1436,0.0
1437,16.774168
1438,18.190727
1439,17.830206
1440,0.0
1441,0.0
1442,0.0
1443,8.080198
1444,16.007362
1445,108.11818
1446,234.67987
1447,354.42047
1448,450.47232
1449,508.31815
1450,520.4761
1451,492.4657
1452,398.47354
1453,328.0986
1454,326.46252
1455,255.70872
1456,171.05255
1457,85.32974
1458,26.55058
1459,6.835292
1460,0.0
1461,0.0
1462,0.0
1463,0.0
1464,0.0
1465,0.0
1466,0.0
1467,6.2012196
1468,46.9025
1469,145.6667
1470,215.88916
1471,310.4544
1472,427.70752
1473,503.661
1474,529.7116
1475,515.63245
1476,495.28473
1477,483.81677
1478,475.53378
1479,406.5152
1480,293.7995
1481,163.11931
1482,51.731773
1483,13.686686
1484,0.08364737
1485,0.0
1486,0.0
1487,0.0
1488,0.0
1489,0.0
1490,3.0474548
1491,0.0
1492,79.2738
1493,203.38321
1494,344.05066
1495,482.3938
1496,603.588
1497,697.42175
1498,746.7492
1499,670.7995
1500,583.0849
1501,565.20953
1502,507.6221
1503,359.92938
1504,212.7565
1505,135.02563
1506,56.478657
1507,16.192322
1508,1.9679229
1509,0.0
1510,0.0
1511,0.0
1512,0.0
1513,0.0
1514,4.2117867
1515,0.0
1516,43.530792
1517,174.91153
1518,336.65976
1519,473.53494
1520,586.2574
1521,624.3255
1522,557.39124
1523,579.8006
1524,490.19745
1525,431.89215
1526,477.87714
1527,427.51846
1528,328.64743
1529,160.36977
1530,33.131424
1531,4.6816435
1532,2.834472
1533,0.0
1534,0.0
1535,0.0
1536,0.0
1537,0.0
1538,0.0
1539,0.17982864
1540,75.17936
1541,201.28688
1542,349.6898
1543,482.5572
1544,593.80316
1545,647.8665
1546,711.46106
1547,739.4725
1548,729.60223
1549,656.50464
1550,592.0109
1551,478.2553
1552,345.1886
1553,202.772
1554,74.4868
1555,15.486926
1556,5.016858
1557,0.0
1558,0.0
1559,0.0
1560,0.0
1561,0.0
1562,0.0
1563,9.701727
1564,102.30925
1565,229.60411
1566,369.5867
1567,499.35556
1568,561.15894
1569,545.0347
1570,522.9812
1571,500.4519
1572,488.3122
1573,498.52988
1574,512.50165
1575,444.40326
1576,287.77313
1577,160.46326
1578,75.36108
1579,18.660505
1580,5.7091537
1581,0.0
1582,0.0
1583,0.0
1584,0.0
1585,0.0
1586,0.0
1587,13.234594
1588,107.270065
1589,233.99158
1590,373.0244
1591,507.67798
1592,623.5637
1593,682.81006
1594,648.35846
1595,627.7512
1596,591.53406
1597,539.6086
1598,517.17816
1599,411.69705
1600,274.75482
1601,176.12364
1602,73.79198
1603,16.65081
1604,5.7746577
1605,0.0
1606,0.0
1607,0.0
1608,0.0
1609,0.0
1610,0.0
1611,0.0
1612,23.477638
1613,72.91887
1614,126.085
1615,177.94891
1616,223.72667
1617,258.48087
1618,281.89343
1619,299.61945
1620,310.8463
1621,359.24896
1622,294.48563
1623,270.47574
1624,201.1736
1625,106.56118
1626,32.856674
1627,0.0
1628,5.608182
1629,0.0
1630,0.0
1631,0.0
1632,0.0
1633,0.0
1634,0.0
1635,0.0
1636,38.70026
1637,89.698296
1638,203.20352
1639,336.39673
1640,453.90973
1641,468.98434
1642,507.4878
1643,552.2727
1644,522.16797
1645,456.42355
1646,431.58002
1647,349.7818
1648,187.37164
1649,88.25901
1650,27.653893
1651,0.0
1652,6.6658106
1653,0.0
1654,0.0
1655,0.0
1656,0.0
1657,0.0
1658,0.0
1659,0.0
1660,28.578201
1661,77.593895
1662,133.14725
1663,191.06381
1664,272.13593
1665,292.15692
1666,297.85654
1667,309.74884
1668,293.17352
1669,266.48645
1670,228.99931
1671,184.82912
1672,129.06612
1673,74.897255
1674,26.495064
1675,0.0
1676,7.826483
1677,0.0417006
1678,0.0
1679,0.0
1680,0.0
1681,0.0
1682,0.0
1683,0.0
1684,31.25192
1685,95.25473
1686,192.52966
1687,343.66727
1688,396.69144
1689,313.48718
1690,300.5651
1691,347.5282
1692,342.90656
1693,303.5186
1694,271.03833
1695,290.88232
1696,258.51086
1697,167.03992
1698,79.59149
1699,15.527421
1700,9.9459095
1701,0.06298506
1702,0.0
1703,0.0
1704,0.0
1705,0.0
1706,0.0
1707,3.1507983
1708,51.161327
1709,129.29762
1710,201.70457
1711,261.776
1712,311.20868
1713,350.83844
1714,337.58798
1715,362.68823
1716,370.20532
1717,319.95926
1718,296.16956
1719,261.22952
1720,173.6463
1721,90.90944
1722,32.431065
1723,0.0
1724,8.891804
1725,0.103777885
1726,0.0
1727,0.0
1728,0.0
1729,0.99547476
1730,0.0
1731,0.5593157
1732,46.520622
1733,114.21732
1734,226.39296
1735,276.63812
1736,272.1851
1737,344.86334
1738,443.46283
1739,425.23846
1740,334.8228
1741,299.24936
1742,261.1226
1743,216.01736
1744,155.03185
1745,103.68001
1746,49.002747
1747,0.0
1748,11.992554
1749,0.17076802
1750,0.0
1751,0.0
1752,0.0
1753,1.0835016
1754,0.0
1755,0.0
1756,65.7287
1757,145.72366
1758,235.8417
1759,272.1115
1760,362.61804
1761,395.15936
1762,391.69507
1763,378.96143
1764,335.1787
1765,289.24655
1766,239.02577
1767,186.73141
1768,136.27516
1769,81.81547
1770,31.62097
1771,0.0
1772,11.42153
1773,0.20366454
1774,0.0
1775,0.0
1776,0.0
1777,1.1373895
1778,0.0
1779,0.0
1780,35.967216
1781,93.49815
1782,147.47598
1783,195.74008
1784,243.34868
1785,284.43494
1786,311.07068
1787,327.69437
1788,312.09332
1789,286.68408
1790,247.08502
1791,203.0432
1792,149.57
1793,91.319084
1794,36.047043
1795,0.0
1796,12.281904
1797,0.23537743
1798,0.0
1799,0.0
1800,0.0
1801,1.2116195
1802,0.0
1803,0.0
1804,43.155872
1805,94.25197
1806,148.51282
1807,211.2027
1808,267.225
1809,316.1876
1810,326.15164
1811,334.97397
1812,334.72382
1813,294.05084
1814,244.50906
1815,202.09058
1816,149.54591
1817,118.75097
1818,54.037186
1819,0.0
1820,12.606901
1821,0.26589608
1822,0.0
1823,0.0
1824,0.0
1825,1.3248596
1826,0.0
1827,0.0
1828,38.68797
1829,92.47724
1830,144.68405
1831,197.04561
1832,239.54779
1833,277.22287
1834,304.44113
1835,311.37936
1836,314.78622
1837,316.71
1838,258.07214
1839,200.09814
1840,154.90714
1841,116.25396
1842,75.68816
1843,18.031282
1844,6.7570944
1845,1.4517484
1846,0.0
1847,0.0
1848,0.0
1849,2.6427915
1850,0.0
1851,30.7598
1852,136.99107
1853,276.40588
1854,420.6833
1855,555.82965
1856,671.73676
1857,760.6143
1858,817.9214
1859,836.35815
1860,824.1622
1861,764.5479
1862,638.61005
1863,503.82852
1864,386.3972
1865,263.69644
1866,141.67912
1867,43.03547
1868,11.845394
1869,1.947855
1870,0.0
1871,0.0
1872,0.0
1873,2.870925
1874,0.0
1875,19.503307
1876,105.034996
1877,249.76927
1878,355.8213
1879,459.72897
1880,502.85312
1881,632.1822
1882,655.73755
1883,574.8509
1884,410.9945
1885,301.0892
1886,251.40787
1887,222.31458
1888,215.85199
1889,119.78607
1890,46.570717
1891,1.9966326
1892,5.6773396
1893,1.8152754
1894,0.0
1895,0.0
1896,0.0
1897,2.8411112
1898,0.0
1899,2.3869972
1900,52.12077
1901,117.096436
1902,332.007
1903,482.06757
1904,548.1182
1905,538.4232
1906,604.42236
1907,757.10803
1908,801.6828
1909,727.58856
1910,626.7105
1911,531.4373
1912,410.03485
1913,277.76627
1914,151.52097
1915,48.50128
1916,13.924123
1917,2.400418
1918,0.0
1919,0.0
1920,0.0
1921,3.0532587
1922,0.0
1923,42.372696
1924,142.3921
1925,272.25803
1926,410.9533
1927,544.1082
1928,661.4944
1929,754.3039
1930,816.75946
1931,832.15985
1932,817.70264
1933,749.2742
1934,643.9078
1935,530.76025
1936,409.69214
1937,279.79205
1938,154.31519
1939,51.42151
1940,6.830761
1941,2.8649216
1942,0.0
1943,0.0
1944,0.0
1945,3.2397714
1946,0.0
1947,38.9869
1948,139.44257
1949,265.32486
1950,403.2947
1951,539.8675
1952,657.9818
1953,729.424
1954,749.3145
1955,685.2901
1956,549.82367
1957,626.25336
1958,491.4184
1959,360.2191
1960,296.65656
1961,208.0948
1962,93.92319
1963,15.581639
1964,0.0
1965,3.3997366
1966,0.0
1967,0.0
1968,0.0
1969,3.008787
1970,0.0
1971,0.487772
1972,43.18618
1973,100.55731
1974,153.47275
1975,233.67987
1976,256.81638
1977,281.91092
1978,327.3372
1979,471.79663
1980,552.438
1981,609.1086
1982,601.6496
1983,523.324
1984,402.15778
1985,278.747
1986,156.96547
1987,53.49096
1988,8.017904
1989,4.222846
1990,0.0
1991,0.0
1992,0.0
1993,2.954024
1994,0.0
1995,3.3939304
1996,41.41668
1997,89.61635
1998,143.24672
1999,198.27751
2000,273.92996
2001,299.09692
2002,303.37582
2003,311.02655
2004,305.14673
2005,298.15228
2006,367.40866
2007,433.07812
2008,333.23712
2009,186.80034
2010,102.3578
2011,25.73828
2012,0.64242077
2013,3.6556878
2014,0.0
2015,0.0
2016,0.0
2017,3.0312257
2018,0.0
2019,45.64798
2020,147.06966
2021,273.78824
2022,410.4104
2023,543.777
2024,661.45624
2025,748.4883
2026,780.198
2027,765.75824
2028,716.93555
2029,622.03503
2030,576.28
2031,398.38257
2032,336.38718
2033,260.22546
2034,153.4897
2035,54.44185
2036,8.666885
2037,4.283187
2038,0.0
2039,0.0
2040,0.0
2041,2.877342
2042,0.0
2043,34.18228
2044,125.07614
2045,253.96216
2046,397.09296
2047,493.071
2048,570.9443
2049,701.0941
2050,791.1774
2051,819.3463
2052,799.4977
2053,739.51215
2054,602.2912
2055,426.4541
2056,297.5926
2057,194.51205
2058,93.64335
2059,21.517511
2060,0.0
2061,3.5132127
2062,0.0
2063,0.0
2064,0.0
2065,2.7772198
2066,0.0
2067,20.539717
2068,79.588234
2069,139.7602
2070,182.35558
2071,228.03705
2072,259.14783
2073,307.7601
2074,397.4405
2075,344.39987
2076,312.7917
2077,314.4741
2078,263.13022
2079,217.78716
2080,155.9429
2081,97.71843
2082,44.32498
2083,1.9793339
2084,0.0
2085,3.2848144
2086,0.0
2087,0.0
2088,0.0
2089,2.5799243
2090,0.0
2091,0.0
2092,37.28408
2093,87.33301
2094,141.9695
2095,194.87646
2096,238.12033
2097,268.38007
2098,301.48996
2099,313.20447
2100,304.27295
2101,283.61136
2102,251.06494
2103,203.3068
2104,152.00775
2105,96.87312
2106,46.10962
2107,1.6154366
2108,0.0
2109,3.2254193
2110,0.0
2111,0.0
2112,0.0
2113,1.5201758
2114,0.0
2115,27.53193
2116,111.89184
2117,235.48027
2118,382.17844
2119,521.2077
2120,606.19025
2121,675.00714
2122,711.3342
2123,692.8442
2124,649.0533
2125,646.6187
2126,528.771
2127,388.3036
2128,272.1732
2129,173.75505
2130,81.81403
2131,16.486368
2132,0.21030903
2133,2.4999735
2134,0.0
2135,0.0
2136,0.0
2137,1.4151273
2138,0.0
2139,1.735086
2140,55.583652
2141,114.805046
2142,163.72102
2143,226.29552
2144,307.4536
2145,460.5882
2146,514.2209
2147,529.5857
2148,582.07263
2149,496.0109
2150,311.84305
2151,217.16104
2152,155.49751
2153,107.10171
2154,58.580322
2155,13.153297
2156,0.0
2157,2.3140688
2158,0.0
2159,0.0
